-4.228382042259434570e+01 -1.247798714928379349e+00
-4.177173065989218514e+01 -9.046332238352182420e-02
-4.124813930460297229e+01 1.172672357223689010e+00
-4.075626752156215105e+01 1.245082802143540057e+00
-4.026078183652946052e+01 1.428909192225582103e+00
-3.976852596907828286e+01 1.515715782157780467e+00
-3.927379200414488025e+01 1.672679899400421943e+00
-3.878117201472544195e+01 1.773240061028609427e+00
-3.828653521737883381e+01 1.925314666349953852e+00
-3.779353676988613842e+01 2.040104993746376216e+00
-3.729904426752757018e+01 2.188774109264281176e+00
-3.680565275774002032e+01 2.318475309987622968e+00
-3.631103604783283600e+01 2.472037492762159339e+00
-3.581722193295824752e+01 2.617788122541013784e+00
-3.532234545459164110e+01 2.779933395033161059e+00
-3.482807075463477986e+01 2.943107406187537300e+00
-3.448338066711081495e+01 -3.063137709334703640e+00
-3.398531149815159580e+01 -2.289217384616889284e+00
-3.351169156902925295e+01 -3.425713007520633457e+00
-3.301464681385714073e+01 -2.660614080644260415e+00
-3.254106376975799009e+01 -3.830737266695754428e+00
-3.204501189378625270e+01 -3.069490502956440103e+00
-3.157162264458078482e+01 -4.283062609498384354e+00
-3.107651265348428282e+01 -3.518915238822115654e+00
-3.060339110696236276e+01 -4.788128234049662701e+00
-3.010926547642896267e+01 -4.012100828021150534e+00
-2.963674570855365431e+01 -5.351777420961801646e+00
-2.914339647330082528e+01 -4.552322903090227690e+00
-2.867175599749766235e+01 -5.980638172799866759e+00
-2.817936386444989338e+01 -5.160994999132640260e+00
-2.770861630000797504e+01 -6.681969875534974790e+00
-2.721738612733954099e+01 -5.846147175149976505e+00
-2.674754329013039467e+01 -7.463768555173866837e+00
-2.625696439603617094e+01 -6.573759352128608846e+00
-2.578877844743278658e+01 -8.334823470207700424e+00
-2.529899708488821730e+01 -7.388775220977302105e+00
-2.483259075778412850e+01 -9.304773170682535621e+00
-2.434377571813603680e+01 -8.301029320583706905e+00
-2.387927967466493584e+01 -1.038415936593649036e+01
-2.339113598589857901e+01 -9.292663197644664308e+00
-2.292917835801136306e+01 -1.158447643524882409e+01
-2.244183550872388722e+01 -1.039839503900136108e+01
-2.198232983963388421e+01 -1.291837097970196524e+01
-2.149566195497157395e+01 -1.159511312567187780e+01
-2.103976204974553355e+01 -1.439912631755900740e+01
-2.055283789626115976e+01 -1.288413009552565036e+01
-2.010163824939905197e+01 -1.604140233928292858e+01
-1.961433727902105773e+01 -1.430882162690872761e+01
-1.916846440704031806e+01 -1.786080478498448443e+01
-1.868064074554438747e+01 -1.588170653611672378e+01
-1.821528955685246842e+01 -1.670159050054569505e+01
-1.775026937637888835e+01 -1.750445335030014959e+01
-1.728760164945305888e+01 -1.840044564565732443e+01
-1.682524342278732021e+01 -1.927487737538506352e+01
-1.636552926658913876e+01 -2.025238077016607718e+01
-1.590334635760888560e+01 -2.105804617529288336e+01
-1.544669415348937491e+01 -2.211402384875952265e+01
-1.498699923187655969e+01 -2.296956424333021118e+01
-1.453367274158890332e+01 -2.410746114563581344e+01
-1.407471118836573254e+01 -2.491717940985126134e+01
-1.362486414218928843e+01 -2.613470409440122211e+01
-1.316360110613017120e+01 -2.675147215458078165e+01
-1.271719344225773440e+01 -2.803784590198350202e+01
-1.225691120960354219e+01 -2.862462445892078122e+01
-1.181410915634192094e+01 -2.997751882075959529e+01
-1.134801492405321532e+01 -3.022552423823328382e+01
-1.090856055271841818e+01 -3.162591063340249775e+01
-1.043297772374200605e+01 -3.139746861150258894e+01
-9.996379142539945306e+00 -3.281896907642416750e+01
-9.511174276253878901e+00 -3.213797780455665531e+01
-9.076916461862211349e+00 -3.355512155316971956e+01
-8.584007476140966375e+00 -3.251986063674183214e+01
-8.151668669026809866e+00 -3.391150217745886408e+01
-7.635544045618395614e+00 -3.191487067086502094e+01
-7.203765060345378224e+00 -3.322918762315807584e+01
-6.663677732188456382e+00 -3.027490442363356848e+01
-6.231001584280879690e+00 -3.145811398236093837e+01
-5.679118414206930865e+00 -2.802150579645810780e+01
-5.244719438448493420e+00 -2.903966860068636180e+01
-4.658863468031544386e+00 -2.425736262404064902e+01
-4.220581040731712363e+00 -2.502982824631557079e+01
-3.617791422270384860e+00 -1.951690727290330685e+01
-3.174310620071420175e+00 -1.998535354490359239e+01
-2.569609482703692827e+00 -1.426250001244905974e+01
-2.120368372459128459e+00 -1.438809035830825422e+01
-1.502391018772037512e+00 -7.968726140793441104e+00
-1.046104237893683342e+00 -7.680202226729091031e+00
-4.352872368099994227e-01 -1.296839613772487132e+00
2.827760047412761213e-02 -5.537665459975713578e-01
6.461439991087778445e-01 6.397628608864503796e+00
1.118097419610969645e+00 7.677180142905968729e+00
1.715562396719525706e+00 1.414660290848011037e+01
2.195544537516297190e+00 1.599240084480417856e+01
2.761317219277330093e+00 2.151298628178610173e+01
3.248326096476931824e+00 2.392743350090443144e+01
3.800609076780569140e+00 2.924680544300953144e+01
4.294680367457690551e+00 3.227980139594114917e+01
4.862708915557617750e+00 3.868735674045396422e+01
-1.416761113960582179e-02 -1.556144832369215862e+02
5.871574004721211715e+00 4.661122202605618270e+01
6.380770703968339674e+00 5.109842899577485298e+01
6.938967958236665901e+00 5.805406427595009689e+01
